0 10.000000
0 10.000000
1000 10.571929
1001 36.222477
1002 45.782524
1003 71.917038
1004 116.332924
1005 137.451096
1006 167.616577
1007 188.754456
1008 224.963196
1009 249.965576
1010 336.124847
1011 382.812897
1012 388.786469
1013 403.922302
1014 560.384094
1015 587.890686
1016 607.259216
1017 644.928772
1018 694.855591
1019 704.435059
1020 708.278442
1021 723.321045
1022 736.229797
1023 833.985474
1024 844.703918
1025 909.491028
1026 917.223450
1027 1018.583130
1028 1018.987793
1029 1131.327271
1030 1175.051270
1031 1231.343018
1032 1231.808960
1033 1242.226562
1034 1325.437622
1035 1354.166626
1036 1382.052124
1037 1408.623047
1038 1439.993530
1039 1469.003540
1040 1491.252686
1041 1548.622192
1042 1566.944092
1043 1596.232544
1044 1614.623657
1045 1642.928589
1046 1670.748291
1047 1686.243164
1048 1718.250854
1049 1752.472412
1050 1770.970215
1051 1802.369385
1052 1806.880493
1053 1814.048462
1054 1827.028442
1055 1832.791626
1056 1834.194458
1057 1841.221680
1058 1871.427246
1059 1901.912354
1060 1948.222046
1061 1956.771362
1062 1976.197632
1063 1997.421631
1064 1997.550049
1065 2053.686523
1066 2142.755127
1067 2163.789551
1068 2213.224854
1069 2213.443604
1070 2521.361328
1072 2774.468994
1073 2784.309082
1074 2812.805176
1075 2819.119141
1071 2835.741455
1076 2840.329834
1077 2910.054688
1078 2945.997803
1079 3008.166748
1080 3029.658691
1081 3043.805664
1082 3089.112061
1083 3105.828857
1084 3156.504883
1085 3168.361084
1086 3209.875732
1087 3218.850830
1088 3306.573975
1089 3329.395752
1090 3356.129150
1091 3382.861572
1092 3397.990479
1093 3401.454346
1094 3479.998291
1095 3512.464600
1096 3531.634766
1097 3543.719238
1098 3646.316162
1099 3682.537598
1100 3757.972168
1101 3758.795410
1110 3764.197998
1103 3789.340576
1104 3862.995605
1105 3914.608154
1106 3917.941650
1107 3922.851562
1108 3940.184814
1109 3949.217285
1102 3998.215576
1111 4032.574951
1112 4033.328613
1113 4055.006592
1114 4067.632324
1115 4107.546387
1117 4143.359375
1116 4205.734375
1118 4267.817871
1119 4287.998535
1120 4302.367188
1121 4304.720215
1122 4306.065430
1123 4320.201172
1124 4386.707031
1125 4387.916016
1126 4430.350586
1127 4433.748535
1128 4438.677734
1129 4448.927246
1130 4467.649902
1131 4470.185059
1132 4511.905273
1133 4528.570801
1134 4555.834961
1135 4560.927734
1136 4568.122070
1137 4642.653809
1138 4672.821777
1139 4721.806152
1140 4729.706055
1141 4747.711426
1142 4762.673828
1143 4793.298340
1144 4827.322754
1145 4853.427246
1146 4861.252441
1147 4872.731445
1148 4891.176758
1149 4967.612305
1150 4987.434082
1151 5038.313965
1152 5042.942871
1153 5071.593262
1154 5089.421875
1155 5092.113770
1156 5141.182617
1157 5217.279785
1158 5220.610352
1159 5222.992188
1160 5234.629883
1161 5296.800781
1162 5361.291504
1163 5365.865723
1164 5416.086426
1165 5435.935547
1166 5437.638184
1167 5491.175781
1168 5542.681152
1169 5604.764648
1170 5620.155273
1171 5717.714844
1172 5931.926270
1173 5958.919434
1174 5969.389648
1175 5980.406738
1176 5999.580566
1177 6011.678223
1178 6012.086426
1179 6024.564453
1180 6032.726562
1181 6032.947266
1182 6079.753906
1183 6106.293945
1184 6138.131836
1185 6147.026855
1186 6189.039062
1188 6195.524414
1189 6200.376465
1192 6225.994629
1190 6254.250000
1191 6265.682129
1187 6274.988281
1193 6306.897461
1194 6330.930176
1195 6378.783203
1196 6391.770996
1197 6509.783203
1198 6534.584961
1199 6567.442871
1200 6644.326172
1201 6676.620117
1202 6706.043945
1203 6786.479004
1204 6854.465820
1205 6915.932129
1206 6922.158203
1207 6928.215820
1208 6982.345215
1209 6987.265137
1210 7031.548828
1211 7051.643555
1212 7067.063965
1213 7086.857910
1214 7115.033691
1215 7148.698730
1216 7190.283203
1217 7233.388184
1218 7249.288086
1219 7365.059082
1220 7392.554199
1221 7422.980957
1222 7438.843262
1223 7441.241211
1224 7452.199707
1225 7525.746582
1226 7536.166992
1227 7555.994629
1228 7574.455078
1229 7682.877930
1230 7704.242676
1231 7716.362305
1232 7719.578613
1233 7760.967773
1234 7853.950195
1235 7876.335938
1236 7934.944824
1237 8010.847168
1238 8068.807129
1240 8117.684082
1241 8178.171875
1242 8180.661133
1243 8268.934570
1244 8293.531250
1245 8307.783203
1246 8360.998047
1247 8379.016602
1239 8388.221680
1248 8434.806641
1249 8449.356445
1250 8463.356445
1252 8465.437500
1253 8511.743164
1254 8516.458008
1251 8562.291016
1255 8565.590820
1256 8569.832031
1257 8603.222656
1258 8620.428711
1259 8624.833984
1260 8645.605469
1261 8715.375000
1262 8787.471680
1263 8870.883789
1264 8889.594727
1265 8894.170898
1266 8925.127930
1267 8926.819336
1268 8945.665039
1269 9013.371094
1270 9019.753906
1271 9021.278320
1272 9076.680664
1273 9128.196289
1274 9128.623047
1275 9144.094727
1276 9229.395508
1277 9236.923828
1278 9247.106445
1279 9294.131836
1280 9323.680664
1281 9374.149414
1283 9414.506836
1282 9417.308594
1284 9421.839844
1285 9518.682617
1286 9610.509766
1287 9641.748047
1288 9654.891602
1289 9681.709961
1290 9730.986328
1291 9754.360352
1292 9769.265625
1293 9783.978516
1294 9793.695312
1295 9797.037109
1296 9825.861328
1297 9830.861328
1298 9844.973633
1299 9856.942383
1300 9857.420898
1301 9876.372070
1302 9900.766602
1303 9924.857422
1304 10006.886719
1305 10064.573242
1306 10069.491211
1307 10071.742188
1309 10073.083008
1308 10079.713867
1310 10086.475586
1311 10088.562500
1312 10117.748047
1313 10129.125000
1314 10162.613281
1315 10178.390625
1316 10266.360352
1317 10272.495117
1318 10291.677734
1319 10309.794922
1320 10345.321289
1321 10347.616211
1322 10386.855469
1323 10413.152344
1324 10438.456055
1325 10455.223633
1326 10484.601562
1327 10580.578125
1328 10613.774414
1329 10714.653320
1330 10771.756836
1331 10804.026367
1332 10874.783203
1333 10916.158203
1334 10937.857422
1335 10948.473633
1336 10972.975586
1337 10985.054688
1338 11010.161133
1339 11033.885742
1340 11054.624023
1341 11069.618164
1342 11097.996094
1343 11102.939453
1344 11133.940430
1345 11152.663086
1346 11156.518555
1347 11213.837891
1348 11259.942383
1349 11300.713867
1350 11358.046875
1351 11402.294922
1352 11415.261719
1353 11422.384766
1354 11423.362305
1355 11464.851562
1356 11537.273438
1357 11549.107422
1358 11567.951172
1359 11571.721680
1360 11579.447266
1361 11640.233398
1362 11649.749023
1363 11707.712891
1364 11737.571289
1365 11753.791992
1366 11846.978516
1367 11851.461914
1368 11887.636719
1369 11888.461914
1370 11942.989258
1371 11947.333984
1373 11955.505859
1372 11977.150391
1374 12108.611328
1375 12126.881836
1376 12127.314453
1377 12156.206055
1378 12251.421875
1379 12616.174805
1380 12703.915039
1381 12729.903320
1382 12766.053711
1383 12778.916016
1384 12781.713867
1385 12808.892578
1386 12810.114258
1387 12920.389648
1388 12983.371094
1389 13030.449219
1390 13081.298828
1391 13118.376953
1392 13133.606445
1393 13205.032227
1394 13217.455078
1395 13225.226562
1396 13268.078125
1397 13298.606445
1398 13308.897461
1399 13344.150391
1400 13399.599609
1401 13412.554688
1402 13413.755859
1403 13429.248047
1404 13445.225586
1405 13450.813477
1406 13485.954102
1407 13526.403320
1408 13555.915039
1409 13573.704102
1411 13622.108398
1410 13622.885742
1412 13690.105469
1413 13717.479492
1414 13723.664062
1415 13740.729492
1416 13744.922852
1417 13756.443359
1418 13782.431641
1419 13813.183594
1420 13827.327148
1421 13833.043945
1422 13839.290039
1423 13852.433594
1424 13943.231445
1425 13967.970703
1426 13977.755859
1427 14004.409180
1428 14058.126953
1429 14059.876953
1430 14072.201172
1431 14174.492188
1432 14276.288086
1433 14280.165039
1434 14322.538086
1435 14352.008789
1436 14412.270508
1437 14418.840820
1438 14432.173828
1439 14452.377930
1440 14504.625977
1441 14510.149414
1442 14556.038086
1443 14634.821289
1444 14668.237305
1445 14675.093750
1446 14758.788086
1447 14803.495117
1448 14810.470703
1449 14918.115234
1450 15031.070312
1451 15075.364258
1452 15127.791016
1453 15135.536133
1454 15162.644531
1455 15168.495117
1456 15189.881836
1457 15235.088867
1458 15273.000000
1459 15281.513672
1460 15288.313477
1461 15340.834961
1462 15365.161133
1463 15382.283203
1464 15406.549805
1465 15440.785156
1467 15460.145508
1468 15461.452148
1466 15462.692383
1469 15519.188477
1470 15549.199219
1471 15572.556641
1472 15591.476562
1473 15612.127930
1474 15633.101562
1475 15635.285156
1476 15687.680664
1477 15698.439453
1478 15701.458008
1479 15730.426758
1480 15754.555664
1481 15785.876953
1482 15788.673828
1483 15801.688477
1484 15806.459961
1485 15814.425781
1486 15838.432617
1487 15886.680664
1488 15892.099609
1489 15892.849609
1490 15973.004883
1491 15973.425781
1492 16000.367188
1493 16027.993164
1494 16077.963867
1495 16080.895508
1496 16107.624023
1497 16168.934570
1498 16189.275391
1499 16191.954102
0 10.000000
0 10.000000
0 10.000000
0 10.000000
4 10.000000
2 20.000000
0 10.000000
0 10.000000
1000 15.571929
1001 36.222481
1002 138.782516
1005 208.900696
1003 215.035217
1006 230.200684
1004 237.616577
1010 412.775848
1007 417.913727
1009 425.916107
1011 438.604156
1008 443.812897
1012 471.786469
1013 503.922302
1016 543.290833
1015 579.797424
1017 627.466980
1020 656.310364
1019 675.889832
1018 687.816650
1021 709.859253
1022 727.768005
1028 912.172668
1024 912.891113
1026 931.623535
1023 1053.379150
1014 1084.840942
1032 1208.306885
1025 1239.093994
1033 1302.511597
1035 1487.240601
1036 1490.126099
1037 1558.697021
1030 1614.421021
1039 1622.431030
1038 1624.801514
1040 1736.050659
1042 1755.372559
1031 1761.664307
1027 1789.023926
1044 1812.415039
1043 1907.703491
1045 1922.008423
1047 1950.503296
1052 1970.014404
1029 1992.353882
1050 2011.851685
1034 2019.062744
1046 2021.882446
1053 2039.050415
1056 2051.453125
1041 2068.822754
1055 2075.585938
1048 2088.593506
1054 2096.573486
1057 2097.600830
1049 2112.822266
1064 2138.950684
1061 2151.500000
1051 2232.899170
1062 2272.325439
1069 2277.544189
1068 2313.979492
1059 2318.464600
1063 2319.688477
1058 2329.894043
1067 2347.928467
1066 2352.997070
1060 2375.306641
1065 2662.443115
1071 2684.065430
1070 2686.983154
1072 2703.090820
1073 2710.930908
1074 2739.427002
1075 2746.740967
1076 2784.329346
1077 2898.054199
1078 2963.997314
1079 2987.166260
1080 2994.658203
1081 3007.805176
1083 3082.521973
1085 3155.378174
1087 3158.353271
1082 3170.659668
1084 3226.335693
1086 3237.850342
1092 3338.979248
1089 3350.801025
1090 3368.534424
1093 3371.998291
1091 3405.730713
1097 3457.815186
1096 3487.985352
1101 3509.808594
1088 3548.531738
1106 3599.865234
1095 3623.331543
1107 3650.241455
1099 3698.462891
1109 3756.495361
1103 3775.637939
1110 3796.040527
1112 3817.794189
1108 3820.127441
1102 3962.125732
1114 3969.751465
1113 4043.429443
1105 4061.041992
1094 4075.585938
1111 4095.945312
1121 4143.298340
1122 4191.643555
1115 4216.557617
1120 4219.926270
1104 4223.581543
1100 4239.016113
1125 4260.225098
1127 4283.623047
1119 4289.803711
1128 4305.732910
1098 4314.329590
1123 4324.465332
1117 4425.278320
1131 4432.813477
1129 4503.062988
1135 4531.155762
1130 4560.878418
1133 4594.543945
1136 4595.738281
1134 4610.002441
1116 4658.377441
1140 4702.277344
1126 4726.711914
1118 4739.795410
1142 4814.757812
1141 4822.763184
1132 4839.483398
1146 4910.308594
1138 4910.476562
1124 4970.982422
1147 4972.461426
1148 5030.906738
1145 5031.011230
1143 5037.635742
1144 5051.660156
1139 5060.644531
1152 5070.273438
1155 5082.965332
1150 5091.787109
1154 5159.615723
1137 5169.147461
1158 5202.478027
1159 5204.859863
1153 5216.510254
1160 5241.147949
1151 5342.027832
1163 5386.602051
1166 5398.304688
1149 5420.740234
1156 5499.809082
1165 5539.658203
1170 5601.048828
1161 5683.219727
1164 5762.440430
1157 5772.537598
1174 5777.007812
1167 5857.545410
1173 5884.538574
1168 5891.043945
1175 5893.061035
1178 5893.469238
1177 5907.566895
1162 5951.057617
1181 5956.278320
1176 5969.452148
1180 5998.614258
1169 6011.697754
1179 6036.175781
1185 6050.070801
1172 6078.282227
1189 6083.134277
1187 6092.440430
1188 6173.925781
1183 6290.465820
1191 6297.897949
1184 6351.735840
1190 6418.991211
1194 6434.023926
1196 6447.011719
1192 6452.629883
1182 6465.436523
1186 6469.448730
1193 6501.357910
1202 6509.781738
1171 6621.341309
1198 6653.143066
1206 6720.369141
1207 6748.426758
1199 6756.284668
1195 6759.137695
1201 6786.431641
1209 6791.351562
1212 6936.771973
1213 6991.565918
1211 7001.660645
1210 7202.944336
1200 7215.828125
1204 7218.814941
1205 7221.281250
1214 7230.457031
1208 7255.586426
1203 7286.021484
1215 7331.686523
1223 7334.084473
1218 7402.984375
1224 7429.942871
1216 7445.527344
1222 7446.389648
1220 7510.884766
1197 7512.896973
1229 7535.319824
1226 7541.740234
1221 7557.166992
1232 7576.383301
1227 7612.210938
1217 7620.315918
1228 7628.776367
1231 7646.895996
1238 7674.855957
1225 7710.402832
1230 7739.767578
1239 7743.972656
1242 7789.461914
1235 7817.847656
1245 8046.099609
1233 8051.488770
1244 8111.085938
1246 8137.300781
1240 8241.177734
1247 8244.196289
1236 8267.805664
1249 8282.355469
1252 8324.436523
1250 8373.436523
1241 8403.924805
1219 8419.696289
1237 8435.598633
1234 8483.581055
1248 8495.166016
1243 8528.439453
1251 8534.272461
1253 8535.578125
1254 8541.292969
1255 8544.592773
1256 8549.833984
1259 8564.239258
1265 8594.815430
1267 8612.506836
1258 8712.712891
1264 8738.423828
1260 8772.195312
1271 8789.719727
1268 8793.565430
1270 8805.948242
1274 8837.375000
1257 8846.765625
1266 8890.722656
1277 8947.250977
1275 9002.722656
1278 9039.905273
1261 9231.674805
1282 9283.476562
1262 9286.573242
1280 9317.122070
1269 9320.828125
1273 9337.343750
1284 9342.875000
1272 9370.277344
1263 9379.689453
1279 9457.714844
1288 9493.858398
1291 9560.232422
1285 9561.075195
1281 9598.543945
1292 9641.449219
1295 9650.791016
1294 9661.507812
1289 9669.326172
1287 9681.564453
1297 9697.564453
1293 9702.277344
1283 9718.634766
1300 9725.113281
1276 9731.414062
1298 9788.526367
1299 9807.495117
1306 9846.413086
1290 9861.689453
1307 9862.940430
1301 9898.891602
1309 9900.232422
1296 9916.056641
1302 9926.451172
1308 9939.082031
1303 9959.172852
1311 10000.259766
1310 10001.021484
1313 10090.398438
1286 10107.225586
1305 10135.912109
1312 10150.097656
1314 10181.585938
1304 10182.615234
1317 10217.750000
1315 10240.527344
1321 10264.822266
1318 10274.004883
1319 10299.122070
1320 10406.648438
1323 10451.945312
1316 10456.915039
1322 10461.154297
1324 10475.458008
1325 10478.225586
1326 10571.603516
1328 10683.799805
1335 10707.416016
1332 10740.172852
1331 10774.442383
1337 10831.521484
1334 10875.220703
1336 10895.722656
1343 10951.666016
1330 10998.769531
1341 11012.763672
1339 11026.488281
1338 11026.594727
1340 11032.333008
1333 11042.708008
1342 11071.085938
1329 11071.964844
1327 11081.941406
1346 11089.796875
1354 11150.774414
1353 11209.897461
1345 11219.620117
1352 11252.586914
1344 11377.587891
1349 11487.359375
1351 11496.607422
1348 11512.711914
1357 11513.545898
1359 11527.316406
1355 11528.805664
1347 11556.125000
1350 11561.458008
1358 11570.301758
1356 11597.723633
1360 11621.449219
1362 11630.964844
1361 11727.750977
1363 11730.714844
1367 11752.198242
1369 11759.023438
1365 11839.244141
1364 11883.102539
1371 11896.447266
1368 11935.622070
1373 11943.793945
1372 11985.438477
1370 12021.965820
1376 12087.398438
1366 12115.584961
1375 12121.855469
1377 12155.747070
1374 12180.208008
1378 12251.423828
1384 12569.221680
1379 12600.974609
1386 12623.196289
1383 12626.058594
1381 12632.046875
1382 12730.197266
1385 12742.375977
1387 12751.651367
1380 12809.391602
1388 12822.373047
1395 12898.144531
1394 12936.567383
1392 12961.796875
1398 13109.087891
1391 13131.166016
1397 13141.694336
1402 13148.895508
1401 13162.850586
1396 13180.702148
1389 13187.780273
1405 13245.368164
1390 13252.217773
1410 13334.995117
1403 13340.487305
1404 13351.464844
1399 13406.717773
1409 13457.506836
1393 13483.932617
1408 13498.444336
1414 13509.628906
1416 13530.822266
1406 13566.962891
1400 13597.412109
1407 13622.861328
1413 13625.235352
1417 13626.755859
1415 13628.821289
1421 13679.538086
1420 13694.681641
1422 13705.927734
1428 13751.645508
1423 13754.789062
1418 13767.777344
1426 13771.562500
1411 13774.966797
1429 13791.716797
1433 13828.593750
1419 13834.345703
1425 13856.084961
1430 13884.409180
1427 13938.062500
1412 13998.282227
1437 14080.852539
1424 14138.650391
1438 14146.983398
1435 14163.454102
1441 14222.977539
1439 14293.181641
1445 14315.038086
1434 14317.411133
1448 14431.386719
1444 14560.802734
1440 14599.050781
1436 14664.312500
1442 14676.201172
1447 14766.908203
1453 14775.653320
1455 14871.503906
1431 14873.794922
1432 14985.590820
1443 15065.374023
1451 15115.667969
1454 15137.776367
1459 15160.290039
1456 15196.676758
1460 15208.476562
1446 15212.170898
1452 15278.597656
1466 15328.837891
1458 15372.749023
1463 15389.871094
1462 15576.197266
1468 15596.503906
1457 15619.710938
1464 15629.977539
1467 15708.337891
1465 15742.573242
1449 15765.217773
1475 15787.401367
1472 15821.321289
1471 15844.678711
1461 15852.200195
1478 15865.218750
1473 15870.870117
1470 15910.880859
1482 15912.677734
1477 15913.436523
1450 15916.391602
1474 15922.365234
1484 15952.136719
1485 16005.102539
1483 16043.117188
1488 16043.536133
1489 16044.286133
1480 16063.415039
1491 16083.835938
1479 16097.804688
1469 16114.300781
1486 16138.307617
1495 16141.239258
1481 16162.560547
1499 16210.239258
1476 16247.634766
1492 16304.576172
1493 16322.202148
1498 16342.542969
1487 16345.791016
1496 16347.519531
1494 16402.490234
1497 16443.800781
1490 16448.957031
0 55.000000
